_viz_0 = nengo_gui.components.Value(pre)
_viz_config[_viz_0].max_value = 1
_viz_config[_viz_0].height = 0.11682242990654206
_viz_config[_viz_0].x = 0.6733753484667464
_viz_config[_viz_0].legend_labels = ['label_0']
_viz_config[_viz_0].y = 0.9242909434801957
_viz_config[_viz_0].min_value = -1
_viz_config[_viz_0].width = 0.24691358024691357
_viz_config[_viz_0].label_visible = True
_viz_config[_viz_0].synapse = 0.01
_viz_config[_viz_0].show_legend = False
_viz_1 = nengo_gui.components.Value(post)
_viz_config[_viz_1].max_value = 1
_viz_config[_viz_1].height = 0.11682242990654206
_viz_config[_viz_1].x = 0.8734443780698262
_viz_config[_viz_1].legend_labels = ['label_0']
_viz_config[_viz_1].y = 0.18351683726450105
_viz_config[_viz_1].min_value = -1
_viz_config[_viz_1].width = 0.24691358024691357
_viz_config[_viz_1].label_visible = True
_viz_config[_viz_1].synapse = 0.01
_viz_config[_viz_1].show_legend = False
_viz_2 = nengo_gui.components.Value(error)
_viz_config[_viz_2].max_value = 1
_viz_config[_viz_2].height = 0.11682242990654206
_viz_config[_viz_2].x = 0.3425456657374218
_viz_config[_viz_2].legend_labels = ['label_0']
_viz_config[_viz_2].y = 0.04770323394155193
_viz_config[_viz_2].min_value = -1
_viz_config[_viz_2].width = 0.24691358024691357
_viz_config[_viz_2].label_visible = True
_viz_config[_viz_2].synapse = 0.01
_viz_config[_viz_2].show_legend = False
_viz_ace_editor = nengo_gui.components.AceEditor()
_viz_net_graph = nengo_gui.components.NetGraph()
_viz_sim_control = nengo_gui.components.SimControl()
_viz_config[_viz_sim_control].shown_time = 0.5
_viz_config[_viz_sim_control].kept_time = 4.0
_viz_config[actual_error].pos=(0.9193548387096775, 0.6111111111111112)
_viz_config[actual_error].size=(0.053763440860215055, 0.07936507936507935)
_viz_config[error].pos=(0.489247311827957, 0.15873015873015872)
_viz_config[error].size=(0.053763440860215055, 0.07936507936507935)
_viz_config[inhibit].pos=(0.06989247311827958, 0.15873015873015872)
_viz_config[inhibit].size=(0.043010752688172046, 0.06349206349206349)
_viz_config[input].pos=(0.06989247311827958, 0.8412698412698412)
_viz_config[input].size=(0.043010752688172046, 0.06349206349206349)
_viz_config[model].pos=(0, 0)
_viz_config[model].size=(1.0, 1.0)
_viz_config[model].expanded=True
_viz_config[model].has_layout=True
_viz_config[post].pos=(0.7043010752688172, 0.38095238095238093)
_viz_config[post].size=(0.053763440860215055, 0.07936507936507935)
_viz_config[pre].pos=(0.2741935483870968, 0.8412698412698412)
_viz_config[pre].size=(0.053763440860215055, 0.07936507936507935)