_viz_0 = nengo_gui.components.Value(sensors)
_viz_config[_viz_0].synapse = 0.01
_viz_config[_viz_0].height = 0.11655011655011654
_viz_config[_viz_0].show_legend = False
_viz_config[_viz_0].max_value = 1
_viz_config[_viz_0].width = 0.0846740050804403
_viz_config[_viz_0].x = 0.3064706648447125
_viz_config[_viz_0].y = 0.15134910198990612
_viz_config[_viz_0].label_visible = True
_viz_config[_viz_0].min_value = -1
_viz_config[_viz_0].legend_labels = ['label_0', 'label_1', 'label_2', 'label_3', 'label_4', 'label_5', 'label_6', 'label_7']
_viz_1 = nengo_gui.components.Slider(manual)
_viz_config[_viz_1].height = 0.11682242990654206
_viz_config[_viz_1].y = 0.7408837503589687
_viz_config[_viz_1].label_visible = True
_viz_config[_viz_1].min_value = 0
_viz_config[_viz_1].width = 0.06784260515603799
_viz_config[_viz_1].max_value = 1
_viz_config[_viz_1].x = 0.5954388249938972
_viz_ace_editor = nengo_gui.components.AceEditor()
_viz_net_graph = nengo_gui.components.NetGraph()
_viz_sim_control = nengo_gui.components.SimControl()
_viz_config[_viz_sim_control].kept_time = 4.0
_viz_config[_viz_sim_control].shown_time = 0.5
_viz_config[controls].pos=(0.7093073382843788, 0.2921918236734167)
_viz_config[controls].size=(0.1, 0.1)
_viz_config[correction].pos=(0.9084507042253521, 0.7313432835820896)
_viz_config[correction].size=(0.05633802816901409, 0.11940298507462686)
_viz_config[env].pos=(0.0915492957746479, 0.7313432835820896)
_viz_config[env].size=(0.05633802816901409, 0.11940298507462686)
_viz_config[model].pos=(0, 0)
_viz_config[model].size=(1.0, 1.0)
_viz_config[model].expanded=True
_viz_config[model].has_layout=True
_viz_config[sensors].pos=(0.3591549295774648, 0.29850746268656714)
_viz_config[sensors].size=(0.07042253521126761, 0.1492537313432836)