_viz_0 = nengo_gui.components.XYValue(sensors)
_viz_config[_viz_0].label_visible = True
_viz_config[_viz_0].y = 0.1495782358193925
_viz_config[_viz_0].min_value = -1
_viz_config[_viz_0].x = 0.7438678400684919
_viz_config[_viz_0].index_x = 0
_viz_config[_viz_0].max_value = 1
_viz_config[_viz_0].height = 0.1800331492827529
_viz_config[_viz_0].width = 0.15070091910692876
_viz_config[_viz_0].index_y = 1
_viz_1 = nengo_gui.components.Value(sensors)
_viz_config[_viz_1].label_visible = True
_viz_config[_viz_1].y = 0.2972191746387241
_viz_config[_viz_1].min_value = -2
_viz_config[_viz_1].synapse = 0.01
_viz_config[_viz_1].x = 0.032323496537755445
_viz_config[_viz_1].max_value = 2
_viz_config[_viz_1].show_legend = True
_viz_config[_viz_1].height = 0.2831909413321908
_viz_config[_viz_1].width = 0.2594835262672882
_viz_config[_viz_1].legend_labels = ['label_0', 'label_1', 'label_2', 'label_3', 'label_4', 'label_5', 'label_6', 'label_7']
_viz_3 = nengo_gui.components.Value(controls)
_viz_config[_viz_3].label_visible = True
_viz_config[_viz_3].y = 0.9005664882121595
_viz_config[_viz_3].min_value = -2
_viz_config[_viz_3].synapse = 0.01
_viz_config[_viz_3].x = 0.8262160507634093
_viz_config[_viz_3].max_value = 2
_viz_config[_viz_3].show_legend = True
_viz_config[_viz_3].height = 0.23060469379465476
_viz_config[_viz_3].width = 0.23817008989557187
_viz_config[_viz_3].legend_labels = ['label_0', 'label_1', 'label_2', 'label_3']
_viz_4 = nengo_gui.components.Slider(manual)
_viz_config[_viz_4].label_visible = True
_viz_config[_viz_4].y = 1.0655932255564131
_viz_config[_viz_4].min_value = -1
_viz_config[_viz_4].height = 0.16148884819151058
_viz_config[_viz_4].width = 0.06758899109673955
_viz_config[_viz_4].x = 0.05399539593936163
_viz_config[_viz_4].max_value = 1
_viz_ace_editor = nengo_gui.components.AceEditor()
_viz_net_graph = nengo_gui.components.NetGraph()
_viz_sim_control = nengo_gui.components.SimControl()
_viz_config[_viz_sim_control].shown_time = 0.5
_viz_config[_viz_sim_control].kept_time = 4.0
_viz_config[controls].pos=(0.5124349316224293, 0.9233867554975252)
_viz_config[controls].size=(0.09433962264150943, 0.14492753623188406)
_viz_config[env].pos=(0.12264150943396226, 0.7101449275362319)
_viz_config[env].size=(0.07547169811320754, 0.11594202898550725)
_viz_config[manual].pos=(0.2703118742721026, 1.10006183724073)
_viz_config[manual].size=(0.1, 0.1)
_viz_config[model].pos=(0.16322774724448363, 0.050857932317997956)
_viz_config[model].size=(0.7217223842720032, 0.7217223842720032)
_viz_config[model].expanded=True
_viz_config[model].has_layout=True
_viz_config[sensors].pos=(0.48598223484118014, 0.46664126994308663)
_viz_config[sensors].size=(0.09433962264150943, 0.14492753623188406)