_viz_1 = nengo_gui.components.Value(sensors)
_viz_config[_viz_1].label_visible = True
_viz_config[_viz_1].height = 0.22353347392873202
_viz_config[_viz_1].synapse = 0.01
_viz_config[_viz_1].y = 0.27571309696431134
_viz_config[_viz_1].show_legend = True
_viz_config[_viz_1].legend_labels = ['label_0', 'label_1', 'label_2', 'label_3']
_viz_config[_viz_1].max_value = 1
_viz_config[_viz_1].x = -0.34536427556644084
_viz_config[_viz_1].min_value = -1
_viz_config[_viz_1].width = 0.17890282897742707
_viz_3 = nengo_gui.components.Value(controls)
_viz_config[_viz_3].label_visible = True
_viz_config[_viz_3].height = 0.28682500132920663
_viz_config[_viz_3].synapse = 0.0
_viz_config[_viz_3].y = 0.8487379323139793
_viz_config[_viz_3].show_legend = True
_viz_config[_viz_3].legend_labels = ['label_0', 'label_1']
_viz_config[_viz_3].max_value = 0.25
_viz_config[_viz_3].x = 0.5901003021794365
_viz_config[_viz_3].min_value = -0.25
_viz_config[_viz_3].width = 0.1511190622974942
_viz_6 = nengo_gui.components.Raster(sensors)
_viz_config[_viz_6].label_visible = True
_viz_config[_viz_6].height = 0.2468026471341916
_viz_config[_viz_6].width = 0.13867496479445737
_viz_config[_viz_6].y = 0.2141416771451872
_viz_config[_viz_6].x = 0.5625512966381164
_viz_config[_viz_6].n_neurons = 10
_viz_ace_editor = nengo_gui.components.AceEditor()
_viz_net_graph = nengo_gui.components.NetGraph()
_viz_sim_control = nengo_gui.components.SimControl()
_viz_config[_viz_sim_control].kept_time = 4.0
_viz_config[_viz_sim_control].shown_time = 0.5
_viz_config[controls].pos=(0.32932139115194453, 0.9264641470016564)
_viz_config[controls].size=(0.09433962264150943, 0.14492753623188406)
_viz_config[env].pos=(0.045734860528013094, 0.2215380274632591)
_viz_config[env].size=(0.07547169811320754, 0.11594202898550725)
_viz_config[manual].pos=(1.0949319464196419, 1.440100092912911)
_viz_config[manual].size=(0.1, 0.1)
_viz_config[model].pos=(0.8324231584064146, 0.34632990652975687)
_viz_config[model].size=(0.47224013965598144, 0.47224013965598144)
_viz_config[model].expanded=True
_viz_config[model].has_layout=True
_viz_config[sensors].pos=(0.3255668290016791, 0.2275868441907208)
_viz_config[sensors].size=(0.09433962264150943, 0.14492753623188406)