_viz_0 = nengo_gui.components.SpikeGrid(sensors)
_viz_config[_viz_0].label_visible = True
_viz_config[_viz_0].height = 0.2885591511763532
_viz_config[_viz_0].x = 0.9910214924660176
_viz_config[_viz_0].y = 0.2870861071772991
_viz_config[_viz_0].width = 0.3417755186378695
_viz_1 = nengo_gui.components.Value(sensors)
_viz_config[_viz_1].max_value = 2
_viz_config[_viz_1].show_legend = True
_viz_config[_viz_1].min_value = -2
_viz_config[_viz_1].x = -0.6720975797990381
_viz_config[_viz_1].y = 0.1322781380883955
_viz_config[_viz_1].width = 0.431498163649693
_viz_config[_viz_1].label_visible = True
_viz_config[_viz_1].height = 0.34853669825004235
_viz_config[_viz_1].legend_labels = ['label_0', 'label_1', 'label_2', 'label_3', 'label_4', 'label_5', 'label_6', 'label_7']
_viz_config[_viz_1].synapse = 0.01
_viz_3 = nengo_gui.components.Value(controls)
_viz_config[_viz_3].max_value = 2
_viz_config[_viz_3].show_legend = True
_viz_config[_viz_3].min_value = -2
_viz_config[_viz_3].x = 1.1256599976770492
_viz_config[_viz_3].y = 1.0580381661461808
_viz_config[_viz_3].width = 0.43694171491555645
_viz_config[_viz_3].label_visible = True
_viz_config[_viz_3].height = 0.2986860307607084
_viz_config[_viz_3].legend_labels = ['label_0', 'label_1', 'label_2', 'label_3']
_viz_config[_viz_3].synapse = 0.01
_viz_4 = nengo_gui.components.Slider(manual)
_viz_config[_viz_4].max_value = 1
_viz_config[_viz_4].width = 0.08676498346077781
_viz_config[_viz_4].min_value = -1
_viz_config[_viz_4].label_visible = True
_viz_config[_viz_4].height = 0.12889669784035934
_viz_config[_viz_4].x = -0.5087616948614776
_viz_config[_viz_4].y = 1.0216183999512842
_viz_ace_editor = nengo_gui.components.AceEditor()
_viz_net_graph = nengo_gui.components.NetGraph()
_viz_sim_control = nengo_gui.components.SimControl()
_viz_config[_viz_sim_control].shown_time = 0.5
_viz_config[_viz_sim_control].kept_time = 4.0
_viz_config[controls].pos=(0.5011197826034836, 1.0241125737599104)
_viz_config[controls].size=(0.09433962264150943, 0.14492753623188406)
_viz_config[env].pos=(0.07125661794765224, 0.12046817089098434)
_viz_config[env].size=(0.07547169811320754, 0.11594202898550725)
_viz_config[manual].pos=(-0.43821312701514287, 0.7218890878074988)
_viz_config[manual].size=(0.1, 0.1)
_viz_config[model].pos=(1.1082645639059543, 0.4656310711697372)
_viz_config[model].size=(0.3372101077280094, 0.3372101077280094)
_viz_config[model].expanded=True
_viz_config[model].has_layout=True
_viz_config[sensors].pos=(0.5029369882494533, 0.1242703624383847)
_viz_config[sensors].size=(0.09433962264150943, 0.14492753623188406)