_viz_0 = nengo_gui.components.XYValue(sensors)
_viz_config[_viz_0].y = 0.0873246102344475
_viz_config[_viz_0].label_visible = True
_viz_config[_viz_0].height = 0.28077737801987207
_viz_config[_viz_0].max_value = 1
_viz_config[_viz_0].index_x = 0
_viz_config[_viz_0].min_value = -1
_viz_config[_viz_0].index_y = 1
_viz_config[_viz_0].x = 0.8119095605921461
_viz_config[_viz_0].width = 0.20034567434008868
_viz_1 = nengo_gui.components.Value(sensors)
_viz_config[_viz_1].y = 0.09937960469073845
_viz_config[_viz_1].label_visible = True
_viz_config[_viz_1].height = 0.2831909413321908
_viz_config[_viz_1].max_value = 1
_viz_config[_viz_1].synapse = 0.01
_viz_config[_viz_1].min_value = -1
_viz_config[_viz_1].x = -0.24392231977754827
_viz_config[_viz_1].width = 0.2594835262672882
_viz_config[_viz_1].show_legend = True
_viz_config[_viz_1].legend_labels = ['label_0', 'label_1', 'label_2', 'label_3']
_viz_3 = nengo_gui.components.Value(controls)
_viz_config[_viz_3].y = 0.9005664882121595
_viz_config[_viz_3].label_visible = True
_viz_config[_viz_3].height = 0.23060469379465476
_viz_config[_viz_3].max_value = 1
_viz_config[_viz_3].synapse = 0.01
_viz_config[_viz_3].min_value = -1
_viz_config[_viz_3].x = 0.8262160507634093
_viz_config[_viz_3].width = 0.23817008989557187
_viz_config[_viz_3].show_legend = True
_viz_config[_viz_3].legend_labels = ['label_0', 'label_1', 'label_2']
_viz_ace_editor = nengo_gui.components.AceEditor()
_viz_net_graph = nengo_gui.components.NetGraph()
_viz_sim_control = nengo_gui.components.SimControl()
_viz_config[_viz_sim_control].kept_time = 4.0
_viz_config[_viz_sim_control].shown_time = 0.5
_viz_config[controls].pos=(0.5124349316224293, 0.9233867554975252)
_viz_config[controls].size=(0.09433962264150943, 0.14492753623188406)
_viz_config[env].pos=(0.21322539318013933, 0.08366164771064984)
_viz_config[env].size=(0.07547169811320754, 0.11594202898550725)
_viz_config[manual].pos=(1.5088150474185138, 1.8594203103330478)
_viz_config[manual].size=(0.1, 0.1)
_viz_config[model].pos=(0.9964161542772321, 0.5969837325472356)
_viz_config[model].size=(0.37593306500183027, 0.37593306500183027)
_viz_config[model].expanded=True
_viz_config[model].has_layout=True
_viz_config[sensors].pos=(0.498176219191627, 0.08827018014743818)
_viz_config[sensors].size=(0.09433962264150943, 0.14492753623188406)