_viz_0 = nengo_gui.components.Slider(manual)
_viz_config[_viz_0].width = 0.04878048780487805
_viz_config[_viz_0].x = 0.5833020489032452
_viz_config[_viz_0].height = 0.11655011655011654
_viz_config[_viz_0].min_value = -1
_viz_config[_viz_0].label_visible = True
_viz_config[_viz_0].y = 0.8936783216783217
_viz_config[_viz_0].max_value = 1
_viz_1 = nengo_gui.components.Value(manual)
_viz_config[_viz_1].width = 0.0975609756097561
_viz_config[_viz_1].x = 0.1579361952447083
_viz_config[_viz_1].min_value = -1
_viz_config[_viz_1].legend_labels = ['label_0']
_viz_config[_viz_1].height = 0.11655011655011654
_viz_config[_viz_1].show_legend = False
_viz_config[_viz_1].synapse = 0.01
_viz_config[_viz_1].label_visible = True
_viz_config[_viz_1].y = 0.9228158508158509
_viz_config[_viz_1].max_value = 1
_viz_2 = nengo_gui.components.Value(sensors)
_viz_config[_viz_2].width = 0.0975609756097561
_viz_config[_viz_2].x = 0.10860185503263473
_viz_config[_viz_2].min_value = -1
_viz_config[_viz_2].legend_labels = ['label_0', 'label_1', 'label_2', 'label_3']
_viz_config[_viz_2].height = 0.11655011655011654
_viz_config[_viz_2].show_legend = False
_viz_config[_viz_2].synapse = 0.01
_viz_config[_viz_2].label_visible = True
_viz_config[_viz_2].y = 0.5301942501942507
_viz_config[_viz_2].max_value = 1
_viz_ace_editor = nengo_gui.components.AceEditor()
_viz_net_graph = nengo_gui.components.NetGraph()
_viz_sim_control = nengo_gui.components.SimControl()
_viz_config[_viz_sim_control].shown_time = 0.5
_viz_config[_viz_sim_control].kept_time = 4.0
_viz_config[controls].pos=(0.7134831460674157, 0.5)
_viz_config[controls].size=(0.056179775280898875, 0.25)
_viz_config[correction].pos=(0.9269662921348314, 0.5)
_viz_config[correction].size=(0.04494382022471911, 0.2)
_viz_config[env].pos=(0.2752808988764045, 0.5)
_viz_config[env].size=(0.04494382022471911, 0.2)
_viz_config[manual].pos=(0.41414633402010287, 0.9126539596964883)
_viz_config[manual].size=(0.08525327585875205, 0.12121212121212122)
_viz_config[model].pos=(0.016585365853658537, -0.28098664788758676)
_viz_config[model].size=(1.0, 1.0)
_viz_config[model].expanded=True
_viz_config[model].has_layout=True
_viz_config[sensors].pos=(0.48876404494382025, 0.5)
_viz_config[sensors].size=(0.056179775280898875, 0.25)